0.0 0
20.42 242
40.18 318
60.10 410
80.36 436
100.83 183
120.13 413
140.27 527
160.34 234
180.8 308
200.53 553
220.19 319
240.4 204
260.1 501
280.6 406
300.56 156
320.13 413
340.7 507
360.93 193
380.12 312
400.47 547
420.90 290
440.23 223
460.99 499
480.77 377
500.55 155
520.12 412
540.63 463
560.99 199
580.29 329
600.20 520
620.63 263
640.24 224
660.84 484
680.46 346
700.56 156
720.25 425
740.28 428
760.69 169
780.44 344
800.9 509
820.22 222
840.47 247
860.95 495
880.92 292
900.45 145
920.46 446
940.99 399
960.38 138
980.67 367
1000.87 487
1020.93 193
1040.61 261
1060.16 516
1080.90 290
1100.54 154
1120.78 478
1140.91 391
1160.31 131
1180.76 376
1200.95 495
1220.64 164
1240.75 275
1260.19 519
1280.67 267
1300.74 174
1320.84 484
1340.64 364
1360.11 111
1380.96 396
1400.55 455
1420.66 166
1440.93 293
1460.13 513
1480.50 250
1500.2 202
1520.78 478
1540.32 332
1560.36 136
1580.5 405
1600.29 429
1620.55 155
1640.17 317
1660.94 494
1680.5 205
1700.25 225
1720.80 480
1740.94 294
1760.22 122
1780.19 419
1800.88 388
1820.37 137
1840.59 359
1860.88 488
1880.84 184
1900.35 235
1920.90 490
1940.74 274
1960.38 138
1980.43 443
2000.67 367
2020.3 103
2040.50 350
2060.72 472
2080.39 139
2100.13 213
2120.64 464
2140.9 209
2160.5 105
2180.18 418
2200.4 304
2220.59 59
2240.80 180
2260.43 443
2280.63 263
2300.92 92
2320.58 358
2340.29 429
2360.33 133
2380.52 252
2400.94 494
2420.33 233
2440.75 175
2460.44 444
2480.31 331
2500.10 110
2520.90 390
2540.23 423
2560.47 147
2580.6 306
2600.96 496
2620.28 228
2640.26 226
2660.95 495
2680.18 318
2700.46 146
2720.48 448
2740.20 420
2760.61 161
2780.72 372
2800.21 521
2820.9 209
2840.68 268
2860.9 509
2880.3 303
2900.66 166
2920.71 471
2940.99 399
2960.45 145
2980.77 377
3000.2 502
3020.86 186
3040.63 263
3060.24 524
3080.78 278
3100.60 160
3120.78 478
3140.70 370
3160.13 113
3180.82 382
3200.63 463
3220.57 157
3240.81 281
3260.11 511
3280.57 257
3300.81 181
3320.60 460
3340.43 343
3360.20 120
3380.94 394
3400.33 433
3420.65 165
3440.3 303
3460.96 496
3480.19 219
3500.4 204
3520.74 474
3540.1 301
3560.17 117
3580.5 405
3600.88 388
3620.21 121
3640.23 323
3660.83 483
3680.85 185
3700.25 225
3720.71 471
3740.63 263
3760.22 122
3780.28 428
3800.67 367
3820.10 110
3840.40 340
3860.63 463
3880.45 145
3900.8 208
3920.74 474
3940.30 230
3960.15 115
3980.38 438
4000.49 349
4020.91 91
4040.99 299
4060.65 465
4080.64 164
4100.98 198
4120.48 448
4140.51 251
4160.91 91
4180.47 347
4200.19 419
4220.20 120
4240.53 253
4260.70 470
4280.10 210
4300.61 161
4320.22 422
4340.82 282
4360.71 71
4380.6 206
4400.57 457
4420.29 229
4440.1 101
4460.15 415
4480.33 333
4500.72 72
4520.67 167
4540.21 421
4560.69 269
4580.77 77
4600.0 200
4620.55 455
4640.17 217
4660.93 93
4680.77 377
4700.61 361
4720.2 102
4740.96 296
4760.60 460
4780.62 162
4800.1 201
4820.43 443
4840.33 233
4860.86 86
4880.14 314
4900.45 445
4920.47 147
4940.2 202
4960.56 456
4980.34 234
5000.8 108
5020.13 413
5040.42 342
5060.77 77
5080.7 207
5100.66 466
5120.28 228
5140.98 98
5160.72 372
5180.70 370
5200.5 105
5220.80 280
5240.54 454
5260.64 164
5280.79 179
5300.37 437
5320.43 243
5340.81 81
5360.41 341
5380.6 406
5400.18 118
5420.33 233
5440.59 459
5460.0 200
5480.43 143
5500.16 416
5520.90 290
5540.82 82
5560.53 253
5580.61 461
5600.98 198
5620.61 161
5640.27 427
5660.76 276
5680.81 81
5700.3 203
5720.65 465
5740.17 217
5760.98 98
5780.81 381
5800.68 368
5820.98 98
5840.17 217
5860.72 472
5880.9 209
5900.28 128
5920.31 431
5940.14 314
5960.75 75
5980.29 229
6000.64 464
6020.0 200
6040.31 131
6060.15 415
6080.94 294
6100.68 68
6120.95 195
6140.40 440
6160.27 227
6180.83 83
6200.1 301
6220.26 426
6240.25 125
6260.83 183
6280.48 448
6300.8 208
6320.69 69
6340.85 285
6360.23 423
6380.96 96
6400.49 149
6420.18 418
6440.57 257
6460.64 64
6480.87 187
6500.52 452
6520.5 205
6540.94 94
6560.13 313
6580.16 416
6600.92 92
6620.66 166
6640.37 437
6660.39 239
6680.80 80
6700.93 293
6720.55 455
6740.40 140
6760.86 186
6780.38 438
6800.30 230
6820.91 91
6840.3 303
6860.30 430
6880.23 123
6900.2 202
6920.55 455
6940.30 230
6960.96 96
6980.41 341
7000.82 382
7020.7 107
7040.69 269
7060.46 446
7080.58 158
7100.65 165
7120.46 446
7140.66 266
7160.75 75
7180.28 328
7200.15 415
7220.4 104
7240.23 223
7260.66 466
7280.0 200
7300.30 130
7320.16 416
7340.93 293
7360.63 63
7380.91 191
7400.44 444
7420.21 221
7440.86 86
7460.4 304
7480.36 436
7500.22 122
7520.86 186
7540.52 452
7560.20 220
7580.86 86
7600.53 353
7620.69 369
7640.97 97
7660.95 195
7680.61 461
7700.9 209
7720.3 103
7740.78 378
7760.53 353
7780.91 91
7800.78 178
7820.48 448
7840.45 245
7860.83 83
7880.12 312
7900.72 472
7920.79 179
7940.39 239
7960.8 508
7980.99 299
8000.81 181
8020.3 503
8040.51 451
8060.23 223
8080.87 487
8100.40 640
8120.61 361
8140.59 459
8160.47 747
8180.54 554
8200.99 499
8220.73 873
8240.20 820
8260.32 632
8280.10 910
8300.72 972
8320.91 691
8340.8 908
8360.12 1012
8380.75 675
8400.34 934
8420.61 961
8440.0 700
8460.39 839
8480.8 1008
8500.51 651
8520.83 883
8540.80 980
8560.41 641
8580.21 821
8600.71 971
8620.62 662
8640.82 682
8660.7 907
8680.4 704
8700.40 540
8720.10 810
8740.21 721
8760.51 451
8780.51 651
8800.51 751
8820.27 427
8840.82 482
8860.32 732
8880.92 492
8900.64 364
8920.62 662
8940.65 565
8960.10 310
8980.42 542
9000.15 615
9020.94 294
9040.5 405
9060.24 624
9080.43 343
9100.68 268
9120.37 537
9140.15 415
9160.89 189
9180.52 452
9200.88 488
9220.17 217
9240.48 348
9260.27 527
9280.61 261
9300.27 227
9320.78 478
9340.12 312
9360.32 132
9380.7 407
9400.88 388
9420.10 110
9440.80 280
9460.46 446
9480.60 160
9500.91 191
9520.42 442
9540.45 245
9560.95 95
9580.39 339
9600.5 405
9620.35 135
9640.54 254
9660.70 470
9680.20 220
9700.72 172
9720.45 445
9740.16 316
9760.42 142
9780.25 425
9800.61 461
9820.4 204
9840.68 368
9860.49 549
9880.72 272
9900.84 284
9920.41 541
9940.53 353
9960.86 186
9980.88 488
10000.37 437
10020.87 187
10040.6 406
10060.28 528
10080.41 241
10100.7 307
10120.40 540
10140.14 314
10160.89 189
10180.95 495
10200.18 418
10220.66 166
10240.16 416
10260.22 522
10280.3 203
10300.7 307
10320.59 559
10340.16 316
10360.29 229
10380.22 522
10400.10 410
10420.77 177
10440.36 436
10460.89 489
10480.11 211
10500.28 328
10520.39 539
10540.73 273
10560.38 238
10580.95 495
10600.51 351
10620.48 148
10640.15 415
10660.16 416
10680.54 154
10700.10 310
10720.81 481
10740.88 188
10760.7 207
10780.50 450
10800.73 273
10820.9 109
10840.3 403
10860.50 350
10880.98 98
10900.41 241
10920.70 470
10940.13 213
10960.58 158
10980.32 432
11000.11 311
11020.1 101
11040.75 375
11060.94 394
11080.31 131
11100.81 281
11120.61 461
11140.98 198
11160.95 195
11180.55 455
11200.89 289
11220.16 116
11240.7 407
11260.74 374
11280.26 126
11300.33 333
11320.81 481
11340.84 184
11360.37 237
11380.79 479
11400.68 268
11420.48 148
11440.31 431
11460.60 360
11480.18 118
11500.51 351
11520.79 479
11540.61 161
11560.49 249
11580.91 491
11600.59 259
11620.41 141
11640.65 465
11660.59 359
11680.19 119
11700.79 379
11720.51 451
11740.61 161
11760.79 279
11780.15 515
11800.60 260
11820.5 205
11840.69 469
11860.52 352
11880.42 142
11900.2 402
11920.42 442
11940.80 180
11960.19 319
11980.1 501
12000.41 241
12020.33 233
12040.81 481
12060.26 326
12080.52 152
12100.32 432
12120.4 404
12140.45 145
12160.42 342
12180.89 489
12200.27 227
12220.72 272
12240.4 504
12260.23 323
12280.89 189
12300.68 468
12320.5 405
12340.53 153
12360.72 372
12380.90 490
12400.83 183
12420.63 263
12440.5 505
12460.93 293
12480.72 172
12500.94 494
12520.9 409
12540.59 159
12560.22 422
12580.18 518
12600.16 216
12620.32 332
12640.79 579
12660.40 340
12680.70 270
12700.44 544
12720.28 428
12740.4 204
12760.55 455
12780.0 500
12800.29 229
12820.58 358
12840.55 555
12860.14 314
12880.57 257
12900.17 517
12920.65 365
12940.88 188
12960.63 463
12980.52 452
13000.92 192
13020.68 368
13040.34 534
13060.43 243
13080.69 269
13100.19 519
13120.22 322
13140.71 171
13160.68 468
13180.14 414
13200.64 164
13220.89 389
13240.98 498
13260.2 202
13280.70 270
13300.22 522
13320.94 294
13340.66 166
13360.74 474
13380.86 386
13400.35 135
13420.83 383
13440.72 472
13460.53 153
13480.66 266
13500.9 509
13520.59 259
13540.78 178
13560.64 464
13580.37 337
13600.14 114
13620.72 372
13640.17 417
13660.49 149
13680.71 271
13700.72 472
13720.5 205
13740.76 176
13760.45 445
13780.87 287
13800.8 108
13820.79 379
13840.85 385
13860.22 122
13880.91 291
13900.60 460
13920.76 176
13940.99 199
13960.55 455
13980.65 265
14000.10 110
14020.99 399
14040.51 351
14060.5 105
14080.25 325
14100.43 443
14120.61 161
14140.18 218
14160.63 463
14180.32 232
14200.19 119
14220.16 416
14240.36 336
14260.79 79
14280.64 164
14300.20 420
14320.76 276
14340.0 100
14360.63 363
14380.58 358
14400.1 101
14420.84 284
14440.39 439
14460.44 144
14480.79 179
14500.24 424
14520.28 228
14540.78 78
14560.95 295
14580.32 432
14600.39 139
14620.93 193
14640.40 440
14660.35 235
14680.15 115
14700.0 400
14720.29 329
14740.96 96
14760.71 271
14780.69 469
14800.3 203
14820.85 185
14840.47 447
14860.4 304
14880.36 136
14900.28 428
14920.7 407
14940.64 164
14960.37 337
14980.8 508
15000.11 211
15020.42 242
15040.81 481
15060.74 274
15080.13 113
15100.2 402
15120.46 346
15140.95 95
15160.43 243
15180.52 452
15200.92 192
15220.52 152
15240.18 418
15260.81 281
15280.86 86
15300.5 305
15320.15 415
15340.90 90
15360.29 29
15380.60 60
15400.1 101
15420.37 337
15440.44 144
15460.22 22
15480.60 60
15500.17 117
15520.71 371
15540.57 157
15560.14 14
15580.52 52
15600.96 96
15620.81 281
15640.76 276
15660.9 9
15680.2 2
15700.49 49
15720.16 16
15740.26 26
15760.25 25
15780.41 41
15800.48 48
15820.48 48
15840.44 44
15860.50 50
15880.54 54
15900.71 71
15920.81 81
15940.29 29
15960.36 36
15980.47 47
16000.50 50
16020.52 52
16040.40 40
16060.52 52
16080.66 66
16100.74 74
16120.30 30
16140.31 31
16160.41 41
16180.52 52
16200.42 42
16220.56 56
16240.55 55
16260.64 64
16280.77 77
16300.46 46
16320.60 60
16340.62 62
16360.68 68
16380.61 61
16400.80 80
16420.90 90
16440.95 95
16460.67 267
16480.35 235
16500.32 32
16520.18 18
16540.5 5
16560.3 3
16580.27 27
16600.32 32
16620.24 24
16640.28 28
16660.25 25
16680.37 37
16700.41 41
16720.48 48
16740.49 49
16760.76 76
16780.17 17
16800.19 19
16820.13 13
16840.25 25
16860.32 32
16880.42 42
16900.50 50
16920.50 50
16940.56 56
16960.76 76
16980.24 24
17000.22 22
17020.14 14
17040.15 15
17060.26 26
17080.25 25
17100.46 46
17120.51 51
17140.58 58
17160.78 78
17180.91 91
17200.17 17
17220.16 16
17240.23 23
17260.33 33
17280.34 34
17300.59 59
17320.69 69
17340.69 69
17360.23 23
17380.30 30
17400.24 24
17420.31 31
17440.24 24
17460.44 44
17480.45 45
17500.55 55
17520.62 62
17540.69 69
17560.19 19
17580.24 24
17600.14 14
17620.20 20
17640.26 26
17660.26 26
17680.34 34
17700.45 45
17720.53 53
17740.62 62
17760.27 27
17780.34 34
17800.50 50
17820.41 41
17840.59 59
17860.74 74
17880.31 31
17900.48 48
17920.62 62
17940.59 59
17960.74 74
17980.14 14
18000.9 9
18020.51 51
18040.66 66
18060.80 80
18080.25 25
18100.33 33
18120.42 42
18140.49 49
18160.54 54
18180.54 54
18200.33 33
18220.32 32
18240.43 43
18260.25 25
18280.23 23
18300.40 40
18320.49 49
18340.31 31
18360.60 60
18380.62 62
18400.0 0
18420.98 98
18440.12 12
18460.22 22
18480.31 31
18500.38 38
18520.51 51
18540.55 55
18560.70 70
18580.64 64
18600.63 63
18620.53 53
18640.77 77
18660.73 73
18680.78 78
18700.43 43
18720.49 49
18740.56 56
18760.63 63
18780.58 58
18800.67 67
18820.67 67
18840.64 64
18860.69 69
18880.70 70
18900.78 78
18920.91 91
18940.72 272
18960.57 257
18980.51 51
19000.75 75
19020.6 206
19040.59 259
19060.36 36
19080.2 2
19100.16 16
19120.13 13
19140.23 23
19160.39 39
19180.47 47
19200.54 54
19220.70 70
19240.76 76
19260.74 74
19280.65 65
19300.73 73
19320.66 66
19340.76 176
19360.29 329
19380.49 149
19400.18 118
