0.0 0
20.82 282
40.37 337
60.27 427
80.40 440
100.1 201
120.33 433
140.35 535
160.38 238
180.26 326
200.64 564
220.34 334
240.28 228
260.23 523
280.16 416
300.72 172
320.29 429
340.97 497
360.22 222
380.33 333
400.48 548
420.4 304
440.42 242
460.97 497
480.80 380
500.86 186
520.38 438
540.61 461
560.6 206
580.55 355
600.30 530
620.64 264
640.69 269
660.11 511
680.45 345
700.71 171
720.60 460
740.32 432
760.84 184
780.84 384
800.26 526
820.39 239
840.80 280
860.14 514
880.11 311
900.79 179
920.66 466
940.97 397
960.55 155
980.87 387
1000.15 515
1020.5 205
1040.66 266
1060.23 523
1080.91 291
1100.66 166
1120.94 494
1140.87 387
1160.53 153
1180.5 405
1200.86 486
1220.86 186
1240.99 299
1260.25 525
1280.74 274
1300.98 198
1320.84 484
1340.71 371
1360.44 144
1380.16 416
1400.54 454
1420.85 185
1440.26 326
1460.17 517
1480.63 263
1500.34 234
1520.93 493
1540.31 331
1560.57 157
1580.45 445
1600.25 425
1620.57 157
1640.49 349
1660.16 516
1680.15 215
1700.54 254
1720.5 505
1740.98 298
1760.56 156
1780.47 447
1800.91 391
1820.50 150
1840.79 379
1860.94 494
1880.91 191
1900.63 263
1920.17 517
1940.90 290
1960.47 147
1980.74 474
2000.86 386
2020.27 127
2040.66 366
2060.57 457
2080.49 149
2100.49 249
2120.84 484
2140.27 227
2160.43 143
2180.29 429
2200.24 324
2220.92 92
2240.26 226
2260.61 461
2280.70 270
2300.31 131
2320.72 372
2340.24 424
2360.63 163
2380.96 296
2400.98 498
2420.34 234
2440.7 207
2460.68 468
2480.33 333
2500.43 143
2520.24 424
2540.25 425
2560.64 164
2580.31 331
2600.12 512
2620.31 231
2640.52 252
2660.18 518
2680.18 318
2700.64 164
2720.74 474
2740.30 430
2760.80 180
2780.97 397
2800.17 517
2820.27 227
2840.88 288
2860.37 537
2880.20 320
2900.87 187
2920.98 498
2940.17 417
2960.64 164
2980.5 405
3000.23 523
3020.98 198
3040.95 295
3060.32 532
3080.93 293
3100.98 198
3120.91 491
3140.80 380
3160.43 143
3180.9 409
3200.63 463
3220.88 188
3240.1 301
3260.20 520
3280.58 258
3300.19 219
3320.77 477
3340.43 343
3360.57 157
3380.20 420
3400.29 429
3420.70 170
3440.29 329
3460.7 507
3480.18 218
3500.32 232
3520.86 486
3540.4 304
3560.30 130
3580.22 422
3600.89 389
3620.38 138
3640.63 363
3660.92 492
3680.90 190
3700.57 257
3720.98 498
3740.82 282
3760.50 150
3780.57 457
3800.76 376
3820.18 118
3840.58 358
3860.74 474
3880.48 148
3900.39 239
3920.88 488
3940.48 248
3960.59 159
3980.60 460
4000.46 346
4020.4 104
4040.35 335
4060.81 481
4080.82 182
4100.29 229
4120.68 468
4140.68 268
4160.34 134
4180.67 367
4200.11 411
4220.49 149
4240.81 281
4260.86 486
4280.27 227
4300.94 194
4320.45 445
4340.89 289
4360.96 96
4380.15 215
4400.71 471
4420.29 229
4440.17 117
4460.33 433
4480.42 342
4500.87 87
4520.0 200
4540.48 448
4560.67 267
4580.96 96
4600.38 238
4620.79 479
4640.24 224
4660.43 143
4680.0 400
4700.64 364
4720.14 114
4740.32 332
4760.57 457
4780.68 168
4800.22 222
4820.62 462
4840.47 247
4860.17 117
4880.31 331
4900.46 446
4920.48 148
4940.18 218
4960.69 469
4980.45 245
5000.20 120
5020.34 434
5040.54 354
5060.99 99
5080.27 227
5100.71 471
5120.31 231
5140.38 138
5160.0 400
5180.78 378
5200.18 118
5220.14 314
5240.66 466
5260.70 170
5280.15 215
5300.51 451
5320.54 254
5340.24 124
5360.57 357
5380.13 413
5400.40 140
5420.70 270
5440.73 473
5460.17 217
5480.79 179
5500.47 447
5520.96 296
5540.4 104
5560.82 282
5580.70 470
5600.92 192
5620.92 192
5640.50 450
5660.89 289
5680.93 93
5700.35 235
5720.81 481
5740.37 237
5760.43 143
5780.98 398
5800.61 361
5820.11 111
5840.50 250
5860.73 473
5880.27 227
5900.55 155
5920.30 430
5940.17 317
5960.0 100
5980.63 263
6000.76 476
6020.18 218
6040.74 174
6060.21 421
6080.87 287
6100.99 99
6120.11 211
6140.72 472
6160.37 237
6180.0 100
6200.17 317
6220.49 449
6240.26 126
6260.4 204
6280.59 459
6300.20 220
6320.2 102
6340.13 313
6360.15 415
6380.7 107
6400.83 183
6420.36 436
6440.52 252
6460.91 91
6480.38 238
6500.66 466
6520.2 202
6540.28 128
6560.44 344
6580.7 407
6600.16 116
6620.3 203
6640.52 452
6660.50 250
6680.15 115
6700.21 321
6720.48 448
6740.48 148
6760.15 215
6780.53 453
6800.46 246
6820.6 106
6840.20 320
6860.49 449
6880.41 141
6900.7 207
6920.69 469
6940.32 232
6960.16 116
6980.84 384
7000.77 377
7020.11 111
7040.83 283
7060.65 465
7080.65 165
7100.3 203
7120.54 454
7140.56 256
7160.1 101
7180.52 352
7200.13 413
7220.30 130
7240.53 253
7260.79 479
7280.15 215
7300.68 168
7320.22 422
7340.88 288
7360.92 92
7380.13 213
7400.68 468
7420.32 232
7440.2 102
7460.19 319
7480.46 446
7500.32 132
7520.9 209
7540.60 460
7560.31 231
7580.23 123
7600.86 386
7620.65 365
7640.4 104
7660.33 233
7680.72 472
7700.13 213
7720.40 140
7740.1 401
7760.51 351
7780.94 94
7800.12 212
7820.61 461
7840.57 257
7860.32 132
7880.42 342
7900.69 469
7920.91 191
7940.63 263
7960.17 517
7980.17 317
8000.2 202
8020.34 534
8040.81 481
8060.44 244
8080.15 515
8100.51 651
8120.60 360
8140.89 489
8160.76 776
8180.70 570
8200.42 542
8220.89 889
8240.25 825
8260.62 662
8280.39 939
8300.82 982
8320.9 709
8340.28 928
8360.8 1008
8380.5 705
8400.55 955
8420.61 961
8440.11 711
8460.68 868
8480.15 1015
8500.60 660
8520.9 909
8540.73 973
8560.67 667
8580.59 859
8600.72 972
8620.72 672
8640.19 719
8660.35 935
8680.9 709
8700.57 557
8720.37 837
8740.42 742
8760.68 468
8780.72 672
8800.64 764
8820.37 437
8840.7 507
8860.45 745
8880.4 504
8900.1 401
8920.80 680
8940.62 562
8960.19 319
8980.75 575
9000.13 613
9020.26 326
9040.27 427
9060.20 620
9080.58 358
9100.3 303
9120.48 548
9140.9 409
9160.14 214
9180.67 467
9200.88 488
9220.33 233
9240.81 381
9260.35 535
9280.52 252
9300.60 260
9320.3 503
9340.23 323
9360.45 145
9380.25 425
9400.80 380
9420.26 126
9440.19 319
9460.55 455
9480.69 169
9500.16 216
9520.57 457
9540.61 261
9560.27 127
9580.70 370
9600.5 405
9620.52 152
9640.85 285
9660.71 471
9680.24 224
9700.7 207
9720.66 466
9740.20 320
9760.55 155
9780.59 459
9800.61 461
9820.12 212
9840.99 399
9860.65 565
9880.82 282
9900.20 320
9920.64 564
9940.56 356
9960.16 216
9980.2 502
10000.44 444
10020.6 206
10040.30 430
10060.43 543
10080.43 243
10100.14 314
10120.61 561
10140.24 324
10160.13 213
10180.28 528
10200.26 426
10220.81 181
10240.31 431
10260.9 509
10280.16 216
10300.41 341
10320.59 559
10340.21 321
10360.54 254
10380.27 527
10400.7 407
10420.95 195
10440.51 451
10460.84 484
10480.34 234
10500.65 365
10520.44 544
10540.87 287
10560.71 271
10580.13 513
10600.51 351
10620.76 176
10640.55 455
10660.19 419
10680.71 171
10700.47 347
10720.96 496
10740.98 198
10760.43 243
10780.73 473
10800.72 272
10820.33 133
10840.23 423
10860.58 358
10880.32 132
10900.78 278
10920.76 476
10940.24 224
10960.88 188
10980.43 443
11000.5 305
11020.37 137
11040.97 397
11060.92 392
11080.46 146
11100.18 318
11120.76 476
11140.2 202
11160.30 230
11180.76 476
11200.93 293
11220.41 141
11240.28 428
11260.77 377
11280.37 137
11300.59 359
11320.69 469
11340.89 189
11360.64 264
11380.96 496
11400.83 283
11420.51 151
11440.67 467
11460.84 384
11480.34 134
11500.74 374
11520.78 478
11540.77 177
11560.74 274
11580.20 520
11600.71 271
11620.98 198
11640.77 477
11660.71 371
11680.45 145
11700.96 396
11720.53 453
11740.96 196
11760.6 306
11780.16 516
11800.75 275
11820.32 232
11840.89 489
11860.53 353
11880.72 172
11900.27 427
11920.37 437
11940.81 181
11960.43 343
11980.15 515
12000.36 236
12020.65 265
12040.2 502
12060.26 326
12080.69 169
12100.47 447
12120.2 402
12140.60 160
12160.81 381
12180.83 483
12200.38 238
12220.1 301
12240.43 543
12260.32 332
12280.95 195
12300.90 490
12320.17 417
12340.70 170
12360.1 401
12380.7 507
12400.96 196
12420.87 287
12440.29 529
12460.3 303
12480.12 212
12500.10 510
12520.8 408
12540.78 178
12560.45 445
12580.29 529
12600.49 249
12620.54 354
12640.92 592
12660.41 341
12680.94 294
12700.52 552
12720.24 424
12740.25 225
12760.77 477
12780.2 502
12800.39 239
12820.88 388
12840.61 561
12860.5 305
12880.1 301
12900.39 539
12920.69 369
12940.98 198
12960.84 484
12980.47 447
13000.9 209
13020.9 409
13040.31 531
13060.55 255
13080.7 307
13100.33 533
13120.27 327
13140.11 211
13160.95 495
13180.14 414
13200.77 177
13220.6 406
13240.21 521
13260.12 212
13280.91 291
13300.34 534
13320.96 296
13340.89 189
13360.90 490
13380.80 380
13400.54 154
13420.1 401
13440.63 463
13460.75 175
13480.92 292
13500.5 505
13520.61 261
13540.2 202
13560.61 461
13580.49 349
13600.40 140
13620.99 399
13640.16 416
13660.62 162
13680.7 307
13700.78 478
13720.19 219
13740.7 207
13760.53 453
13780.99 299
13800.29 129
13820.8 408
13840.81 381
13860.42 142
13880.32 332
13900.80 480
13920.84 184
13940.40 240
13960.71 471
13980.63 263
14000.36 136
14020.21 421
14040.54 354
14060.27 127
14080.49 349
14100.53 453
14120.61 161
14140.33 233
14160.80 480
14180.46 246
14200.35 135
14220.39 439
14240.35 335
14260.99 99
14280.2 202
14300.55 455
14320.77 277
14340.11 111
14360.95 395
14380.57 357
14400.18 118
14420.22 322
14440.47 447
14460.57 157
14480.7 207
14500.39 439
14520.43 243
14540.25 125
14560.14 314
14580.25 425
14600.55 155
14620.25 225
14640.61 461
14660.48 248
14680.29 129
14700.34 434
14720.56 356
14740.5 105
14760.2 302
14780.73 473
14800.98 198
14820.18 218
14840.79 479
14860.12 312
14880.53 153
14900.46 446
14920.9 409
14940.66 166
14960.85 385
14980.12 512
15000.17 217
15020.63 263
15040.5 505
15060.90 290
15080.38 138
15100.30 430
15120.56 356
15140.8 108
15160.81 281
15180.53 453
15200.2 202
15220.75 175
15240.36 436
15260.84 284
15280.8 108
15300.29 329
15320.30 430
15340.95 95
15360.44 44
15380.95 95
15400.27 127
15420.60 360
15440.60 160
15460.40 40
15480.98 98
15500.45 145
15520.89 389
15540.74 174
15560.49 49
15580.80 80
15600.23 123
15620.12 312
15640.77 277
15660.32 32
15680.9 9
15700.53 53
15720.33 33
15740.37 37
15760.37 37
15780.45 45
15800.63 63
15820.75 75
15840.70 70
15860.59 59
15880.72 72
15900.80 80
15920.88 88
15940.44 44
15960.42 42
15980.51 51
16000.67 67
16020.77 77
16040.80 80
16060.65 65
16080.73 73
16100.77 77
16120.32 32
16140.46 46
16160.48 48
16180.52 52
16200.50 50
16220.74 74
16240.86 86
16260.77 77
16280.88 88
16300.62 62
16320.64 64
16340.76 76
16360.92 92
16380.78 78
16400.81 81
16420.85 85
16440.23 123
16460.94 294
16480.44 244
16500.52 52
16520.43 43
16540.18 18
16560.22 22
16580.43 43
16600.46 46
16620.50 50
16640.47 47
16660.37 37
16680.51 51
16700.45 45
16720.59 59
16740.64 64
16760.77 77
16780.32 32
16800.37 37
16820.41 41
16840.45 45
16860.41 41
16880.58 58
16900.62 62
16920.72 72
16940.75 75
16960.80 80
16980.32 32
17000.38 38
17020.38 38
17040.30 30
17060.38 38
17080.62 62
17100.53 53
17120.63 63
17140.73 73
17160.81 81
17180.9 109
17200.38 38
17220.43 43
17240.25 25
17260.38 38
17280.55 55
17300.64 64
17320.71 71
17340.84 84
17360.33 33
17380.38 38
17400.42 42
17420.51 51
17440.38 38
17460.53 53
17480.59 59
17500.74 74
17520.78 78
17540.72 72
17560.32 32
17580.32 32
17600.56 56
17620.42 42
17640.39 39
17660.39 39
17680.60 60
17700.53 53
17720.68 68
17740.79 79
17760.49 49
17780.44 44
17800.55 55
17820.55 55
17840.68 68
17860.79 79
17880.38 38
17900.58 58
17920.73 73
17940.70 70
17960.84 84
17980.34 34
18000.29 29
18020.57 57
18040.72 72
18060.81 81
18080.44 44
18100.47 47
18120.56 56
18140.65 65
18160.74 74
18180.71 71
18200.59 59
18220.47 47
18240.57 57
18260.37 37
18280.53 53
18300.49 49
18320.54 54
18340.78 78
18360.68 68
18380.2 102
18400.7 7
18420.11 111
18440.30 30
18460.36 36
18480.55 55
18500.78 78
18520.68 68
18540.68 68
18560.81 81
18580.74 74
18600.1 101
18620.75 75
18640.71 71
18660.77 77
18680.94 94
18700.53 53
18720.66 66
18740.70 70
18760.75 75
18780.82 82
18800.85 85
18820.74 74
18840.79 79
18860.90 90
18880.98 98
18900.93 93
18920.23 123
18940.95 295
18960.68 268
18980.63 63
19000.7 107
19020.26 226
19040.69 269
19060.68 68
19080.42 42
19100.25 25
19120.36 36
19140.41 41
19160.54 54
19180.62 62
19200.71 71
19220.84 84
19240.89 89
19260.98 98
19280.83 83
19300.94 94
19320.9 109
19340.1 201
19360.48 348
19380.49 149
19400.43 143
